Invested:                        	10000
Days:                            	5505
Total:                           	62765.7832653052 (ROI=527.657832653052 % ROI-annual = 34.9854875419371 %)
Total-after $20/day trade costs: 	-43174.2167346948 (ROI=-531.742167346948 % ROI-annual = -35.2562926578812 %)
